&dm_parameters
    calculation_mode='f2_1k'
    nbndval=14
    scissor_correction = .true.
    scissorgap = 0.67D0
    restart = .false.
    vearth_SI = 2.40E+05
    vesc_SI = 5.37E+05
    v0_SI = 2.30E+05
    er_bin_type = 1
    num_er_bins = 500
    ermax_NU = 50.0
    num_q_bins = 900
    deltaq = 0.02
    deltav_SI(1) =  1.5E+04
    deltav_SI(2) =  0.0E+00
    deltav_SI(3) = -1.5E+04
    nksf=243
    num_mx = 49
    mx_nu(1) =  0.1E06
    mx_nu(2) =  0.11E06
    mx_nu(3) =  0.12589254117941673E06
    mx_nu(4) =  0.15848931924611137E06
    mx_nu(5) =  0.16E06
    mx_nu(6) =  0.17E06
    mx_nu(7) =  0.18E06
    mx_nu(8) =  0.19E06
    mx_nu(9) =  0.199526231496888E06
    mx_nu(10) =  0.25118864315095807E06
    mx_nu(11) =  0.316227766016838E06
    mx_nu(12) =  0.35E06
    mx_nu(13) =  0.39810717055349737E06
    mx_nu(14) =  0.45E06
    mx_nu(15) =  0.5011872336272725E06
    mx_nu(16) =  0.55E06
    mx_nu(17) =  0.6E06
    mx_nu(18) =  0.6309573444801935E06
    mx_nu(19) =  0.75E06
    mx_nu(20) =  0.7943282347242818E06
    mx_nu(21) =  0.85E06
    mx_nu(22) =  0.9E06
    mx_nu(23) =  0.95E06
    mx_nu(24) =  1E06
    mx_nu(25) =  1.2589254117941673E06
    mx_nu(26) =  1.5848931924611136E06
    mx_nu(27) =  1.99526231496888E06
    mx_nu(28) =  2.5118864315095806E06
    mx_nu(29) =  3.16227766016838E06
    mx_nu(30) =  3.9810717055349736E06
    mx_nu(31) =  5.011872336272725E06
    mx_nu(32) =  6.309573444801935E06
    mx_nu(33) =  7.9432823472428185E06
    mx_nu(34) =  10E06
    mx_nu(35) =  15.848931924611136E06
    mx_nu(36) =  25.118864315095806E06
    mx_nu(37) =  39.810717055349734E06
    mx_nu(38) =  63.09573444801935E06
    mx_nu(39) =  100E06
    mx_nu(40) =  158.48931924611136E06
    mx_nu(41) =  251.18864315095806E06
    mx_nu(42) =  398.1071705534974E06
    mx_nu(43) =  630.9573444801935E06
    mx_nu(44) =  1000E06
    mx_nu(45) =  1584.8931924611136E06
    mx_nu(46) =  2511.8864315095802E06
    mx_nu(47) =  3981.071705534973E06
    mx_nu(48) =  6309.573444801933E06
    mx_nu(49) =  10000.000000000002E06
/
